v -0.00127111 -0.195579 0.236103
v -0.00250962 -0.193298 0.23451
v 0.00167743 -0.195838 0.235468
v 0.00174043 -0.19568 0.233287
v 0.00144822 -0.193246 0.232734
v 0.00185783 -0.193044 0.232728
v 0.00267894 -0.195504 0.235468
v 0.00168615 -0.192053 0.233348
v 0.00161843 -0.192565 0.235451
v 0.00245396 -0.19483 0.235928
v 0.00321871 -0.195156 0.233256
v 0.00304727 -0.195178 0.235665
v 0.00368044 -0.195169 0.235468
v 0.00328585 -0.19494 0.235757
v 0.00347319 -0.194549 0.235906
v 0.00327903 -0.191585 0.235119
v 0.0125209 -0.18926 0.235672
